17.0537461 51.1097778
17.0537461 51.1097778
17.0539521 51.1098243
17.0541326 51.1098649
17.0544688 51.1098984
17.0547205 51.10992
17.0549122 51.1099591
17.0549362 51.1099646
17.0549446 51.1099665
17.0549514 51.109968
17.0550342 51.1099869
17.0556244 51.1101239
17.0559787 51.110212
17.056942 51.1104621
17.0572349 51.1105452
17.0575884 51.1106459
17.0580671 51.110788
17.058377 51.1108639
17.0587732 51.110955
17.059211 51.1110163
17.0592504 51.1110209
17.0593267 51.1110327
17.0593932 51.1110438
17.0594176 51.111048
17.0594355 51.1110511
17.0599834 51.1111489
17.0601872 51.1111918
17.0605211 51.1111669
17.0605937 51.1111569
17.0607603 51.1111266
17.060796 51.1111176
17.0608198 51.1111104
17.060841 51.111103
17.0608871 51.1110826
17.0609197 51.1110647
17.0612607 51.1108773
17.0614886 51.1107646
17.0619423 51.1106123
17.0624657 51.1104444
17.0624953 51.1104349
17.0625308 51.1104232
17.0625728 51.1104085
17.0628099 51.1103327
17.0628749 51.1104054
17.0631129 51.110327
17.0631549 51.1103132
17.0632394 51.110286
17.0647232 51.1097914
17.064875 51.1097434
17.065327 51.1095944
17.0654868 51.1095414
17.0656447 51.109489
17.0656933 51.1095688
17.0657408 51.109638
17.0657475 51.1096454
17.0657514 51.1096494
17.0657585 51.1096568
17.0657917 51.109687
17.0658117 51.1097034
17.0660184 51.1098726
17.0666804 51.1104149
17.0668393 51.110545
17.0668707 51.1105708
17.0669269 51.1106175
17.0671634 51.1108143
17.0672094 51.1108526
17.06726 51.1108951
17.0675184 51.1111122
17.0675686 51.1111543
17.06764 51.1112149
17.0678281 51.1113746
17.067936 51.1114513
17.0680136 51.1115064
17.0681 51.1115268
17.06842 51.1115684
17.0685336 51.1115831
17.068985 51.1116455
17.0690564 51.1116538
17.069119 51.1116621
17.0696415 51.1117319
17.0696852 51.111738
17.0698317 51.111747
17.0698848 51.1118527
17.0699456 51.111972
17.0700935 51.1122593
17.0701055 51.1122861
17.0701278 51.1123358
17.0701442 51.1123682
17.0701784 51.1124239
17.0704743 51.1129139