17.054784 51.1091578
17.0546972 51.1091162
17.0546265 51.109173
17.0546975 51.1092236
17.0548003 51.1092963
17.0548222 51.1093118
17.054891 51.1094454
17.0549734 51.1095935
17.0550605 51.1097503
17.0550396 51.109762
17.0549982 51.1097996
17.0549593 51.1098816
17.0549884 51.1098863
17.054965 51.1099292
17.0549446 51.1099665
17.0549312 51.1099909
17.0549226 51.1100065
17.0549154 51.1100198
17.0549019 51.1100445
17.0548843 51.1100767
17.0548777 51.1100888
17.0548697 51.1101034
17.0548541 51.1101319
17.0548366 51.1101639
17.0548186 51.1101968
17.0547961 51.1101911
17.0547172 51.1101723
17.0546303 51.1101503
17.0545887 51.1101382
17.0545341 51.1101224
17.054523 51.1101183
17.054482 51.1101034
17.0543971 51.1100756
17.0542544 51.1100322
17.0540206 51.109974
17.0538287 51.1099253
17.0537688 51.1099136
17.0536968 51.109903
17.0536267 51.1098888
17.0536009 51.1099292
17.0535933 51.1099411
17.0534927 51.1100988
17.0534568 51.1100875
17.0534184 51.1101139
17.0532972 51.110197
17.0532227 51.1102499
17.0531546 51.1103163
17.0530854 51.110378
17.0530443 51.1104093
17.0530186 51.1104238
17.05299 51.1104371
17.052971 51.1105132
17.0528963 51.1105012
17.0528351 51.1107134
17.0528204 51.1107265
17.0527819 51.1107609
17.0527661 51.1107822
17.0527531 51.1107997
17.0527438 51.1108291
17.0527409 51.1108452
17.0527396 51.1108525
17.0525718 51.1109826